[24  1  7  4 13  6  6 21 18  8 13 16 16 14 17 21 16  6 21  5 13  5 16  9
 13  3  4 18  7 16  7 13  6 13  6 13  5 15  8 19 13  4 21  8 21  4 18 17
 11  8  8 13  4 21 14 16 14 20 14  8 21 16  8  8 18  7 19 13 16 10 11 18
  7  2 19 14  5  3  1  4 10  3  5 18 18  4  7 15  1 14  6 13 19 16 10  6
  2  8 17 18 18  4  5  5 13  9 19  4  8  2 15  6 16  4 18  6 13  5  8 21
 16  9  2 17  6 21  4 13 17  5 18  4  6  5 13  9 17 21 13  3  4 21  6 19
  9 19  9  7  3  9 16 19 17  1 15  5  4 10  4  9 13 17  4 16  9 18  4 17
  2  3  9 17  6  5 13  7 16 10 21 15  5  3 19 10 10  9  8 14 17 13  5 13
 14 16 21 21 14  5  9  3 19 21  7  8 10  7 15 21  7  4  5 14  9  6  4  2
  5  3  1 16 21 21  6 18 16  8 15 15 13 17  8  3 13  1  5  6 21 19  4  0
  0  0  0  0  0  0  0  0][24  1 10 14 17 21 21 21 21 15 18 21 21 21 14  2 15  5 15 13  6 17 17 13
 13  3  6 15  4 14  3  7  2 14 19  1 15 19 21  1 17 20  5 10  4  7 21  4
  2 11 13 13 18 21 17  2  5  5 18 16 21  8 15 15  3 11 20 13  7  7 17  9
 16  8 21 13 15  3  9 17  4  6 10  6 14  8 10 10 18 17 14 16  4  2 14 17
 14  3 14 15 19  9 14  4  9 18  7  9  5 17  1 21 21 10 21  6  2  4 15  4
  2  8  2 15 16 10 14 21  2 21 14  7  9  4 15 10 16  4 14 13 10  8 11  7
 16 15 13 20 13 10  8 15 14 21 13  4  3  7  3  8 21 10  6 16  4  1  8 16
 10  6  5  2  4 11  6  7  5 21  2  3 19 19  5  7  8 17  6 21 11 16 13  5
 14  6 17  4  4  8  7 18  4 13  5  7 13 13 14 21 16 11  9  4 16 15 10 13
 17 16  7 19 13  2  9  9 13  1 14 14  2 15 11  8  4 16  7  7 18 16  3 20
 17  4  4  8  1  4  2 19][24  1 13  7  7  6 10  6 21  4 15 17 16  4  5 21 13 11 13 14 19 18 21 13
  8 19  5  4  2 18 14 13 18 16  7 14  3  4 21 15 11 15 17 16  9  8 15 13
  2  6  8 13 13 16  3 20  1 15 18 15 20  9 14  2  7  4  8 11 19 21 18  6
 14 18 13 18  7  5 10  2 21  4 10 16 19 10 18  6 19  6  7 21 21  2  2  7
 15 17 15  7  7 14  5  2 11 17  8 21  6  4  7  8 10  7 16 10 13 14  9  7
 15 15 11 13 21 18 11 11  1 18 21  3 15 18 15  9 20 14 10  8 14  1  5  3
  9 14  8  1  9 21 17  8 13 16 14  9  7  1 21  9  7 14 10 16 10 14  8 21
  2  2  9 10  6 10 21 19  7 18 21  6  2  3  7 14 19 18  2  7  3  7 15 10
 17  2  7 15  8  7 18 11  3 21  4  9  1  0  0  0  0  0  0  0  0  0  0  0
  0  0  0  0  0  0  0  0  0  0  0  0  0  0  0  0  0  0  0  0  0  0  0  0
  0  0  0  0  0  0  0  0][24  1 15 21 20  1  2 21 21 14 21 21 15 21 21 15 21 20 13 14  5 14 15 15
 15 18 16  9 10  3 21 11 13  7  3 21 16  6 15 21 19 21 16 11 13  6  2 13
 18 18 19  8 14  4  8  2  2  6 15  6  5 21 10 16 13 10 16  6 21 13 13 13
 14 13 15 13  7 21 10 14 21 15 21  6 13  7 21 10  4  2 13 17 16  6 10 11
 11  8  7 17 11  7 21 19 10 21  6  9 19 11  9  0  0  0  0  0  0  0  0  0
  0  0  0  0  0  0  0  0  0  0  0  0  0  0  0  0  0  0  0  0  0  0  0  0
  0  0  0  0  0  0  0  0  0  0  0  0  0  0  0  0  0  0  0  0  0  0  0  0
  0  0  0  0  0  0  0  0  0  0  0  0  0  0  0  0  0  0  0  0  0  0  0  0
  0  0  0  0  0  0  0  0  0  0  0  0  0  0  0  0  0  0  0  0  0  0  0  0
  0  0  0  0  0  0  0  0  0  0  0  0  0  0  0  0  0  0  0  0  0  0  0  0
  0  0  0  0  0  0  0  0][24  1  6 10 15 14  6  5 10 13 14 10  2  6 14  3  9  6 20  8 21  6 21 21
  6  6 21  4  9  6 15 16  2  3 18 14  2 17 20 21  3 13 21 13 10  3 17 19
  6  8 19 13  5  8 20 15 13 16  6 15 17 17  2 17 21 10 10 21 21 18 17  3
 18  2 17 13 11  2  3  7  2 17 13 16  8 10 10  2  2 15  2  9 13 15  7  2
  7  0  0  0  0  0  0  0  0  0  0  0  0  0  0  0  0  0  0  0  0  0  0  0
  0  0  0  0  0  0  0  0  0  0  0  0  0  0  0  0  0  0  0  0  0  0  0  0
  0  0  0  0  0  0  0  0  0  0  0  0  0  0  0  0  0  0  0  0  0  0  0  0
  0  0  0  0  0  0  0  0  0  0  0  0  0  0  0  0  0  0  0  0  0  0  0  0
  0  0  0  0  0  0  0  0  0  0  0  0  0  0  0  0  0  0  0  0  0  0  0  0
  0  0  0  0  0  0  0  0  0  0  0  0  0  0  0  0  0  0  0  0  0  0  0  0
  0  0  0  0  0  0  0  0][24  1 21  7  2 15 16 11 13  8  7  2 10 21 15 14 16 21 13 19 21 13  7  2
 10  4  3  7 21 14  5 21 14 19  5 19 13 15 21  6 14  3 17  9 15 10 17  1
 10 21  3  3  7  4  3  3 15 15 19 16  9  9 21  9 16  8  6  6  4 19 10  6
 15 21 15  4 13  5 16  8 15 10 17 15 21 10 14 15 21  4 18  9 13 13 13  3
 17  9  3  7 17 18 20  8  9 21  7 14  9 13 13 13  6 14  4 13  6 21 21  6
 15 17  4  2  5 18 13  7 18  5  4 18  4  6  4 21  8 15 15  7 16 13 16 10
 13  7 13 20 13 20 21 13 18  9  4  6  2 13  3 21 10 17 15 15 11 14  9 10
  5 14 21 10 13  8  8 13 21 17 14 21 21 13 17  5 16 20  6  3 15 19 19 21
 10 19  4  9 16  2 14  5 19 21  4 15 17 20  9 16 17  9 20  6  9 16  8  6
  2 19  1 15 11  4  4  0  0  0  0  0  0  0  0  0  0  0  0  0  0  0  0  0
  0  0  0  0  0  0  0  0][24  1 16  3 21  8 14  6  6  4  7 15 16  8 15 21 20 13  4 16  9 16  5  6
 16 13 13  6 15 21 13  2 21 21 16 16 19 14 20  8 10  2 18 18  6  7 18 13
  5 21  7  8 14  5 15 16  1 13  9 14  4 16  4 15  3 13  4  4 16 21 13 15
 18  7  5 13 21 15  3 21  5  9 21  4 13  8 18 15  8 21  7  6 21  3 11  5
  4 21  3 16  5 14  6  9 18  2 21 21 13  9 16 21 16 11 16 21 15  3  3 18
 13  4  6 18  8 14 14 16 10 15 15 19 10  4 16 16 15 13 16 15  9 15 21 15
  3  4 19  3  0  0  0  0  0  0  0  0  0  0  0  0  0  0  0  0  0  0  0  0
  0  0  0  0  0  0  0  0  0  0  0  0  0  0  0  0  0  0  0  0  0  0  0  0
  0  0  0  0  0  0  0  0  0  0  0  0  0  0  0  0  0  0  0  0  0  0  0  0
  0  0  0  0  0  0  0  0  0  0  0  0  0  0  0  0  0  0  0  0  0  0  0  0
  0  0  0  0  0  0  0  0][24  1  2  4 13  6  6 21 18  8 13 16 16 14 17 21 16  6 21  5 13  5 16  9
 13  3  4 18  7 16  2 13  6 13  6 13  5 15  8  9 13  4 21  8 21  4 18 17
 11  8  8 13  4 21 14 16 14 20 14  8 21 16  8  8 21  8 19 13 16 10 11 18
 15  2 19 14  5  3  1  4 10  3  5 18 18  4  7 15  1 14  6 13 19 16 10  6
  2  8 17  7 18  4  5  5 13  8 19  4  8  2 15  6 16  4 18  6 13  5  8 21
 16  9  2 17  6 21  4 13 17  5 18  4  6  5 13  9 17 21 13  3  4 21  6 19
  9 18  9  7  3  9 16 19 17  8 15  5  4 10  4  9 13 17  4 15  9 18  4 17
  2  3  9 16  6  5 13  7 16 10 21 15  5  3 19 10 10  9  8 14 17 13  5 13
 14 16 21 21 14  5  9  3 19 21  7  8 10  7 16 21  7  4  5 14  9  6  4  2
  5  3  1 16 21 21  6 18 16  8 15 15 13 17  8  3 13  1  5  6 21 19  4  0
  0  0  0  0  0  0  0  0][24  1  9  7 21 17  4  6  9  1  2  1  1 16 16  1  6 13  7 16  9 13 19 10
 18  4 11  8 13  6 13  5 13  9 14 19  1 13  8 10  8  1  2 17  4 16 16  6
 13 13 14 21 14 18 15 18  5 17 21 15  8  7 18  1 19 13  7  4  8 18 17  4
  3  8  4 13 17 14  5 18 18  4 10  7 18 14  6 13 18  8 20  6  2 16  8  2
 19  6  5 13 13 16 18  8 16  1 10  5  8  7 21  6  5 13 11 21 16 19  3 15
  4 16  8 13 16  9 18 14  7  9 13 15 16  1 10  4  4  8  4 13 20  6 14  9
  8  6  1 21 19 14 15  5 13 13 21  2 13 19  7 10  1 15 21  9 16  5 13 13
 13 19 21  7 11  7 18  6  8  8 19  2  7  4  4  8 16  6  9 18  4  1 14 13
 18  3 18 16  5  3  2 21  6  2 21  6  6  7  5  4  6  1 18 16 16 10  3  6
  3 15 16 15  4 18 11  5 21 14  7  4 21 13  2 21  0  0  0  0  0  0  0  0
  0  0  0  0  0  0  0  0][24  1  2 10  2 21 21 14  7 16  8  7 21 21 21 16 15 21 21 18 14 13  7  7
 10 15  2  3 16  9  3  7 15  8  6 15 21 13  6 21  2  6  2 15 14 13 10 13
  8  9 13 18 10 21 21  2  3 15 16  4  2  5 21 21 14 14  2  8 14 14 19 10
 16  3 17  7  3 10  6 15  2 13 14  7 18  4 17 11 16 13 18 21 13 14  2 20
 15  2 13 11  7  8 13  9  6  4 19  3 21 14 19 15 15  2  5 21 10  8 18 18
 21 14 18 20  0  0  0  0  0  0  0  0  0  0  0  0  0  0  0  0  0  0  0  0
  0  0  0  0  0  0  0  0  0  0  0  0  0  0  0  0  0  0  0  0  0  0  0  0
  0  0  0  0  0  0  0  0  0  0  0  0  0  0  0  0  0  0  0  0  0  0  0  0
  0  0  0  0  0  0  0  0  0  0  0  0  0  0  0  0  0  0  0  0  0  0  0  0
  0  0  0  0  0  0  0  0  0  0  0  0  0  0  0  0  0  0  0  0  0  0  0  0
  0  0  0  0  0  0  0  0][24  1 17 15  2  2  9 14  6 14 21  2 18 21 14  5  6 15  2  7 21 14 14 14
  4 21  8  5 14  2 21 21 19 17 13 18 21 13 19 11  7 13 21 17  5  9 21 17
  2  2  2 14 17 15  8 15 13 21  3  2 10 21 21 19 17  8 15 18 18 18 15 13
 19 19 21 16  4  2  6  5 19 21 19 15 16  2  5  2  6  1 18 13 19  1  4 21
  3 14  6  5 18 14  6  6  5  4  4  8 19 13  6 17 18  6  4 18  3 14 17  2
  0  0  0  0  0  0  0  0  0  0  0  0  0  0  0  0  0  0  0  0  0  0  0  0
  0  0  0  0  0  0  0  0  0  0  0  0  0  0  0  0  0  0  0  0  0  0  0  0
  0  0  0  0  0  0  0  0  0  0  0  0  0  0  0  0  0  0  0  0  0  0  0  0
  0  0  0  0  0  0  0  0  0  0  0  0  0  0  0  0  0  0  0  0  0  0  0  0
  0  0  0  0  0  0  0  0  0  0  0  0  0  0  0  0  0  0  0  0  0  0  0  0
  0  0  0  0  0  0  0  0][24  1 15 21  7  9  4 18 17 13  5  5  1  4  1  8 19  3  1  5 13 11 16  9
 13  3 19 18  8 16  4 13  6 13  9 13  4 14 19  6 13  8 10  8  7  8 18  4
 16  8  1 15  9 13 13 14 21 15 18  7 18  5 17 21  7  8 16 18  4 19 13  9
  2 11 18  8 15 19 14  8  7  1 14  5 19 18  4 10 15 18 14  5 13  1  7 19
  6  2  8 18  8 19  6  5 13 13 16 15  8 15  7 20  6 17  7 21  4 13  9 11
 18  6  3  4  7  8 18  3 13 16  9 18 14 15  5 13 14 16  1 15  4  4  8  8
 13 20  5 14  7 18  6  4  1  8 16 11  5 13 17 21  4 13  5 16  8 15 18 21
  1 21 10 13 13 13  9 19  2 11 10 18  3  8  7 19  4  8  4  4 14 16  8  1
 14 14  9  3 16 16  6  3  2 17 15  2  8  5 21  5  4 13 13  9  7 16 10 21
  8  6  3 15 16 15  3 17  8  7 16 16 14 18  0  0  0  0  0  0  0  0  0  0
  0  0  0  0  0  0  0  0]